#Seq2Logo.py -f ../pred_motif_both.txt -o logo_both
Last position-specific scoring matrix computed, values are in halfbits
A R N D C Q E G H I L K M F P S T W Y V
0 L -0.417 0.04 -0.507 -0.043 0.166 0.318 0.218 0.076 -0.052 -0.139 0.352 -0.093 -1.266 0.133 1.225 -0.338 -0.522 -0.897 -0.85 0.305
1 L 0.1 0.338 0.048 -0.021 0.087 1.044 0.596 -0.074 0.9 -1.117 -0.382 -0.082 -1.579 -0.866 0.479 0.341 -0.156 0.197 -0.699 -0.243
2 L -0.562 -0.417 -1.239 -2.075 0.06 -0.222 -0.791 -0.595 -0.854 0.992 1.456 -0.606 0.456 0.465 0.641 -0.214 -0.887 0.175 -0.743 1.073
3 L -0.307 0.185 -0.455 0.717 0.29 0.324 0.382 -1.205 -0.063 0.272 0.6 -0.692 -0.718 0.038 -1.117 0.011 -0.272 0.5 -0.401 0.66
4 L -0.047 0.05 -0.811 -2.582 0.109 0.371 -0.387 -0.187 -0.072 0.521 0.643 -0.682 0.554 0.261 0.69 -0.074 -0.395 0.077 -0.426 0.711
5 D 0.043 0.749 -0.658 2.281 -0.076 0.125 0.812 -0.516 0.093 -1.577 -1.07 -0.018 -1.685 -1.479 0.076 0.861 -0.09 -1.459 -0.894 -0.664
6 S -0.159 -0.054 -0.418 0.984 0.09 0.575 0.604 0.013 -0.05 -1.35 -0.14 -0.592 -0.223 -0.472 1.006 0.689 -0.425 -1.094 0.129 -1.02
7 K -0.237 1.496 -1.119 0.622 -0.487 0.825 0.141 0.12 1.138 -1.442 -0.868 1.354 -1.718 -1.822 0.766 0.326 -0.054 -2.512 -1.417 -0.862
8 L 0.137 1.157 -0.808 -2.078 -0.898 0.51 0.305 -0.16 0.853 -0.791 0.247 0.446 -0.976 -0.553 0.686 0.015 -0.045 -2.487 0.046 -0.08