#Seq2Logo.py -f ./230524_MHCII_DRB1_0301_kcvs/pred_motif.txt -o 230524_MHCII_DRB1_0301_kcvs/motif_logo
Last position-specific scoring matrix computed, values are in halfbits
A R N D C Q E G H I L K M F P S T W Y V
0 L -0.818 -1.257 -1.46 -1.856 -0.52 -0.396 -0.835 -0.868 -0.47 1.68 1.93 -1.402 0.115 1.06 0.129 -0.982 -1.624 0.644 -0.957 1.48
1 L -0.126 0.337 -0.713 -1.519 -1.127 1.036 -0.077 -1.209 0.589 0.646 1.128 -0.739 -0.255 0.015 -1.363 -0.673 -0.217 0.934 -0.341 1.068
2 L -0.177 -0.148 -0.946 -2.9 -0.464 0.11 -0.291 -0.68 0.048 0.678 0.796 -0.543 0.378 0.447 0.962 0.082 -0.323 -0.77 -0.391 0.806
3 D -0.091 -0.376 0.131 3.406 -0.163 -0.258 1.1 -1.113 -1.043 -1.593 -0.88 -1.737 -1.14 -1.417 -0.671 1.099 -0.411 -0.801 -1.045 -0.639
4 S -0.292 -0.264 -0.364 1.327 -0.612 0.42 1.013 0.325 0.401 -1.6 -0.976 -0.428 -0.743 -0.888 1.502 0.939 -0.363 -1.62 -0.918 -1.052
5 K 0.142 1.633 -0.513 0.905 -0.78 0.122 0.277 0.091 0.79 -1.782 -1.436 1.401 -2.251 -2.76 0.989 0.365 0.153 -2.931 -2.083 -0.663
6 L 0.254 0.205 -0.381 -1.838 -1.117 0.961 0.49 -0.1 0.424 -0.692 0.254 0.303 -0.62 -0.888 0.751 0.298 0.034 -1.719 -0.674 -0.091
7 L -0.071 0.823 -0.34 -1.528 -1.201 1.024 0.362 0.159 0.973 -1.036 0.305 0.82 -1.308 -1.367 1.119 -0.096 -0.017 -2.65 -1.256 -0.561
8 R -0.041 2.323 -1.744 -2.225 -2.165 0.989 0.157 -0.425 -0.134 -1.017 0.275 0.238 0.032 0.224 -0.608 0.072 -0.636 -2.364 1.1 -0.194