#Seq2Logo.py -f ../pred_motif_binders.txt -o logo_pos
Last position-specific scoring matrix computed, values are in halfbits
A R N D C Q E G H I L K M F P S T W Y V
0 L -1.471 -1.654 -2.13 -0.977 -4.191 -0.838 -1.821 -2.353 -2.069 3.156 2.324 -2.395 0.08 0.953 -0.449 -2.631 -2.239 -0.027 -1.412 2.212
1 L -0.027 -0.18 -0.783 -1.81 -2.944 0.116 -0.013 -2.701 0.131 2.153 1.363 -0.787 -0.26 0.122 -3.675 -1.166 -0.968 -1.309 -1.216 2.214
2 L -0.142 -0.387 -0.888 -2.786 -5.168 -0.404 -0.786 -1.692 -0.795 2.314 1.18 -1.217 0.114 -0.742 0.41 -0.334 -0.096 -0.943 -0.657 1.604
3 D -1.214 -2.36 -1.553 5.749 -5.899 -1.238 0.681 -3.605 -1.764 -1.177 -1.601 -1.767 -2.093 -2.284 -1.622 0.058 -1.25 -5.958 -2.194 -0.122
4 D -0.085 -0.709 -0.313 3.744 -3.17 -0.411 0.703 -0.258 -1.094 -0.962 -1.361 -0.748 -0.587 -2.6 1.659 -0.171 -0.812 -5.015 -1.45 -0.724
5 D -1.048 2.18 -0.004 2.971 -5.849 -0.53 0.029 -1.049 0.294 -1.799 -2.701 2.366 -2.982 -4.946 0.877 -0.218 0.148 -7.204 -4.54 -0.655
6 L 0.508 0.679 0.114 -0.605 -5.427 0.449 0.561 -0.215 -0.469 -0.571 0.195 0.914 -1.653 -2.323 0.441 -0.016 -0.03 -4.885 -1.276 0.457
7 L 0.107 1.236 -0.259 -1.75 -5.572 1.215 0.373 -0.018 0.872 -0.528 0.618 1.592 -1.967 -2.514 1.157 -1.375 -0.275 -6.766 -1.386 -0.725
8 R 0.123 3.387 -1.55 -1.702 -4.506 0.259 -0.166 -1.22 1.043 -0.883 -0.118 0.353 0.057 -0.062 -1.703 -0.652 -0.56 -6.241 1.21 0.152