#Seq2Logo.py -f ../pred_motif_non_binders.txt -o logo_neg
Last position-specific scoring matrix computed, values are in halfbits
A R N D C Q E G H I L K M F P S T W Y V
0 L -0.782 -1.218 -1.428 -1.888 -0.419 -0.389 -0.797 -0.824 -0.419 1.585 1.916 -1.365 0.143 1.06 0.154 -0.925 -1.578 0.647 -0.949 1.426
1 L -0.119 0.367 -0.707 -1.509 -1.05 1.062 -0.062 -1.15 0.597 0.537 1.117 -0.745 -0.254 0.02 -1.283 -0.647 -0.177 1.011 -0.306 0.979
2 L -0.167 -0.124 -0.936 -2.897 -0.351 0.13 -0.261 -0.632 0.074 0.558 0.776 -0.514 0.372 0.489 0.99 0.1 -0.342 -0.783 -0.367 0.75
3 D -0.045 -0.313 0.196 3.234 -0.031 -0.227 1.128 -1.029 -1.007 -1.591 -0.851 -1.731 -1.106 -1.384 -0.642 1.128 -0.385 -0.695 -1.002 -0.682
4 S -0.295 -0.251 -0.359 1.109 -0.536 0.458 1.03 0.356 0.45 -1.629 -0.943 -0.402 -0.761 -0.823 1.483 0.972 -0.347 -1.53 -0.887 -1.04
5 K 0.194 1.604 -0.523 0.728 -0.666 0.159 0.29 0.136 0.802 -1.765 -1.384 1.34 -2.207 -2.655 0.985 0.392 0.151 -2.836 -1.981 -0.66
6 L 0.249 0.173 -0.425 -1.901 -1.004 0.979 0.485 -0.094 0.461 -0.698 0.279 0.259 -0.571 -0.826 0.755 0.308 0.023 -1.618 -0.631 -0.126
7 L -0.074 0.798 -0.357 -1.508 -1.088 1.009 0.374 0.158 0.968 -1.047 0.298 0.769 -1.265 -1.308 1.097 -0.037 -0.026 -2.536 -1.231 -0.546
8 R -0.059 2.263 -1.756 -2.225 -2.073 1.007 0.172 -0.394 -0.207 -1.011 0.296 0.237 0.028 0.237 -0.572 0.106 -0.644 -2.25 1.079 -0.206