#Seq2Logo.py -f ../pred_motif_binders.txt -o logo_pos
Last position-specific scoring matrix computed, values are in halfbits
A R N D C Q E G H I L K M F P S T W Y V
0 L -0.389 -1.56 -1.358 -0.544 -5.371 -0.829 -0.521 -0.978 -1.253 2.629 1.61 -2.234 -0.769 -0.757 -0.079 -1.441 -0.663 -3.14 -1.092 2.134
1 D -1.164 -0.59 -1.361 3.015 -5.674 -0.167 0.067 -1.761 -0.519 1.697 0.387 -1.303 -1.224 -0.583 -0.985 -0.832 -0.313 -1.604 -2.095 1.44
2 L 0.303 0.553 -0.09 -0.329 -2.014 0.163 0.722 -0.506 0.061 -0.295 -0.178 -0.165 -0.65 -1.688 1.173 -0.023 -0.24 -3.177 -0.818 0.791
3 D -1.043 0.286 -0.39 4.623 -6.099 0.113 0.402 -1.844 -1.12 -1.194 -1.523 0.598 -2.519 -2.882 -0.046 -0.26 -0.704 -2.101 -2.402 -0.815
4 D -0.576 -2.022 -0.765 3.21 -5.628 -0.972 0.02 -0.918 -2.24 1.618 0.761 -1.34 -1.228 -1.787 -0.116 -0.268 -1.05 -5.211 -3.047 1.189
5 R 0.513 2.366 -0.347 -1.428 -3.943 1.029 -0.412 -0.688 0.78 -0.613 -0.718 1.669 -1.133 -1.986 0.394 -0.94 -0.427 -6.994 -1.616 0.628
6 R 0.35 2.102 -1.074 -1.869 -5.667 0.539 -0.638 -2.041 -0.616 -0.005 0.316 1.147 -0.76 -0.35 0.337 -0.398 0.032 -3.861 0.674 0.253
7 D -0.366 -0.128 -0.368 3.827 -3.424 -0.127 0.967 -0.674 -0.249 -1.666 -0.068 -0.121 -1.552 -1.993 -0.375 -0.654 -0.675 -4.036 -1.227 -0.616
8 R -0.774 2.803 -1.423 -1.032 -4.055 0.433 0.726 -0.491 1.059 -1.153 -0.987 1.033 -2.16 -0.378 1.035 -0.49 -0.906 -2.472 1.07 -0.388