#Seq2Logo.py -f ../pred_motif_both.txt -o logo_both
Last position-specific scoring matrix computed, values are in halfbits
A R N D C Q E G H I L K M F P S T W Y V
0 L -0.447 -0.787 -1.051 -1.689 -0.81 -0.142 -0.475 -0.538 -1.209 1.266 1.339 -1.731 -0.084 0.588 0.611 -0.564 -0.703 0.434 -0.542 1.49
1 L -0.506 -0.38 -0.52 1.254 -0.327 0.666 0.058 -0.965 -0.581 0.273 0.691 -0.808 -0.863 -0.105 -0.233 -0.008 0.108 -0.235 -0.972 0.554
2 L -0.096 0.881 -0.74 -1.694 0.376 0.869 0.196 0.156 0.99 -0.933 -0.214 0.083 -0.403 -0.14 1.056 0.323 -0.398 -0.356 -0.501 -0.312
3 D -0.333 -0.21 0.425 2.116 0.478 0.344 0.614 -0.704 0.303 -1.721 -1.031 0.549 -1.893 -1.578 0.856 0.874 -0.353 -0.145 -1.109 -0.981
4 L 0.011 -1.135 -0.926 0.985 0.277 -0.319 0.552 -0.303 -0.437 0.611 0.678 -1.415 0.655 -0.498 0.284 0.22 -0.714 -1.586 -1.724 0.532
5 R -0.002 1.394 -0.318 -2.173 -0.241 0.728 0.067 0.184 1.581 -0.849 -0.809 0.975 -1.446 -1.337 0.691 -0.089 0.12 -0.649 -0.847 0.143
6 L 0.23 1.425 -0.968 -2.157 -0.314 0.545 -0.437 -0.636 0.153 -0.622 0.419 0.242 -0.466 0.017 0.488 0.271 -0.201 -1.575 0.652 -0.2
7 D 0.01 -0.154 -0.873 1.901 0.016 0.718 0.813 -0.0 -0.001 -1.171 0.227 -0.512 -1.179 -0.887 0.113 0.239 -0.379 -1.207 -0.87 -0.808
8 R -0.403 1.628 -1.469 -2.121 -0.981 1.119 0.475 0.044 1.373 -1.411 -0.27 0.672 -0.635 0.078 0.618 0.204 -0.49 -0.904 0.676 -0.96