#Seq2Logo.py -f ../pred_motif_binders.txt -o logo_pos
Last position-specific scoring matrix computed, values are in halfbits
A R N D C Q E G H I L K M F P S T W Y V
0 E 0.155 0.355 -0.055 0.95 -3.953 1.042 1.11 -0.405 -1.193 -0.446 -0.518 -0.338 -1.511 -1.395 0.062 -0.527 0.036 -0.572 0.539 0.511
1 L -0.921 -2.177 -0.908 0.045 -5.446 -0.274 -0.8 -1.675 -2.443 2.649 1.291 -1.368 -0.236 0.581 0.509 -1.165 -1.466 -2.525 -1.556 2.1
2 D -0.631 0.101 -1.238 3.03 -3.898 -0.793 -0.01 -2.191 -1.029 1.803 0.769 -1.486 -1.796 -0.806 -1.649 -0.749 -1.061 -0.901 -2.299 1.351
3 V 0.147 0.242 -0.535 -0.887 -3.271 0.005 0.734 -1.253 0.491 0.708 0.184 -0.827 -0.326 -0.811 1.098 -0.267 -0.246 -2.04 -1.445 1.346
4 D -1.087 -0.024 -1.507 4.756 -5.908 -1.832 -0.265 -3.221 -2.073 1.02 -0.286 -0.039 -1.723 -3.291 -0.89 -0.939 -1.099 -4.126 -2.852 0.814
5 D -0.434 -0.677 0.25 3.512 -4.791 0.218 0.521 -0.906 -1.155 -0.631 -0.81 -0.473 -1.775 -2.039 0.987 0.263 -0.55 -5.271 -2.594 0.092
6 K 0.072 2.156 -0.078 -0.226 -4.0 0.131 -0.574 -0.305 0.674 -0.786 -0.878 1.917 -1.358 -2.542 1.349 -0.128 -0.973 -5.156 -1.087 -0.244
7 D -0.154 1.878 -0.406 2.223 -5.908 0.25 0.612 -0.639 -0.252 -1.34 -0.12 1.23 -1.165 -1.855 -1.025 -0.96 0.062 -6.981 -0.966 -0.597
8 L 0.212 0.521 -0.429 -0.389 -4.732 0.247 0.917 0.083 1.637 -0.565 0.096 0.896 -2.156 -1.822 0.88 -0.222 -0.159 -3.973 -0.525 -0.655